253 231 231 231 251 231 236 255 241 250 255 251 231 231 231 253
231   0   0  47 226  72  96 212 146 215 186 226  47   0   0 231
231   0   0 167 255 255 199 104 255 255   8 255 167   0   0 231
231  47 167 225 255  88 105 203 255 255 170 255 225 167  47 231
251 226 255 255 255 208  56 255 255 255 255 255 255 255 226 251
255 186 120  90 216   8 255 255 255 255   8  47 170   8 186 255
250 215 135 167 208   6 211 232 199 243   8 208 255 255 215 250
241 117 129 203 127   3 137 193 104 222 108 127 219 206 146 241
255 226 129 104 104   8 255 193 193 137 250 127 219 126 104 241
236  56  30   0 168   8 211  33 151 211  60 208 187 132 199 250
231  69 131   0 215   0  60 147 151 255 247 255 252 251  77 232
251 226 255 255 255 248  78 144  40  40 248 255 167  21 194 255
231  47 167 225 255 252 150 156 203 167 167 167 110 135 255 255
231   0   0 167 255 251 162 200 129  30 131  21  89 135 255 255
231   0   0  47 226  72  72 117 226  56 247  40 167  38 203 255
253 231 231 231 251 231 231 241 255 236 254 235 247 231 248 255
253 231 231 231 251 231 236 255 241 250 255 251 231 231 231 253
231   0   0  47 226  72  96 212 146 215 186 226  47   0   0 231
231   0   0 167 255 255 199 104 255 255   8 255 167   0   0 231
231  47 167 225 255  88 105 203 255 255 170 255 225 167  47 231
251 226 255 255 255 208  56 255 255 255 255 255 255 255 226 251
255 186 120  90 216   8 255 255 255 255   8  47 170   8 186 255
250 215 135 167 208   6 211 232 199 243   8 208 255 255 215 250
241 117 129 203 127   3 137 193 104 222 108 127 219 206 146 241
255 226 129 104 104   8 255 193 193 137 250 127 219 126 104 241
236  56  30   0 168   8 211  33 151 211  60 208 187 132 199 250
231  69 131   0 215   0  60 147 151 255 247 255 252 251  77 232
251 226 255 255 255 248  78 144  40  40 248 255 167  21 194 255
231  47 167 225 255 252 150 156 203 167 167 167 110 135 255 255
231   0   0 167 255 251 162 200 129  30 131  21  89 135 255 255
231   0   0  47 226  72  72 117 226  56 247  40 167  38 203 255
253 231 231 231 251 231 231 241 255 236 254 235 247 231 248 255
253 231 231 231 251 231 236 255 241 250 255 251 231 231 231 253
231   0   0  47 226  72  96 212 146 215 186 226  47   0   0 231
231   0   0 167 255 255 199 104 255 255   8 255 167   0   0 231
231  47 167 225 255  88 105 203 255 255 170 255 225 167  47 231
251 226 255 255 255 208  56 255 255 255 255 255 255 255 226 251
255 186 120  90 216   8 255 255 255 255   8  47 170   8 186 255
250 215 135 167 208   6 211 232 199 243   8 208 255 255 215 250
241 117 129 203 127   3 137 193 104 222 108 127 219 206 146 241
255 226 129 104 104   8 255 193 193 137 250 127 219 126 104 241
236  56  30   0 168   8 211  33 151 211  60 208 187 132 199 250
231  69 131   0 215   0  60 147 151 255 247 255 252 251  77 232
251 226 255 255 255 248  78 144  40  40 248 255 167  21 194 255
231  47 167 225 255 252 150 156 203 167 167 167 110 135 255 255
231   0   0 167 255 251 162 200 129  30 131  21  89 135 255 255
231   0   0  47 226  72  72 117 226  56 247  40 167  38 203 255
253 231 231 231 251 231 231 241 255 236 254 235 247 231 248 255

253 231 231 231 251 255 250 241 241 250 232 255 255 255 255 255
231   0   0  47 226 186 215 146 104 199  77 194 255 255 203 248
231   0   0 167 255   8 255 206 126 132 251  21 135 135  38 231
231  47 167 225 255 170 255 219 219 187 252 167 110  89 167 247
251 226 255 255 255  47 208 127 127 208 255 255 167  21  40 235
255 186   8 170 255   8   8 108 250  60 247 248 167 131 247 254
250 215 255 255 255 255 243 222 137 211 255  40 167  30  56 236
241 146 255 255 255 255 199 104 193 151 151  40 203 129 226 255
255 212 104 203 255 255 232 193 193  33 147 144 156 200 117 241
236  96 199 105  56 255 211 137 255 211  60  78 150 162  72 231
231  72 255  88 208   8   6   3   8   8   0 248 252 251  72 231
251 226 255 255 255 216 208 127 104 168 215 255 255 255 226 251
231  47 167 225 255  90 167 203 104   0   0 255 225 167  47 231
231   0   0 167 255 120 135 129 129  30 131 255 167   0   0 231
231   0   0  47 226 186 215 117 226  56  69 226  47   0   0 231
253 231 231 231 251 255 250 241 255 236 231 251 231 231 231 253
253 231 231 231 251 255 250 241 241 250 232 255 255 255 255 255
231   0   0  47 226 186 215 146 104 199  77 194 255 255 203 248
231   0   0 167 255   8 255 206 126 132 251  21 135 135  38 231
231  47 167 225 255 170 255 219 219 187 252 167 110  89 167 247
251 226 255 255 255  47 208 127 127 208 255 255 167  21  40 235
255 186   8 170 255   8   8 108 250  60 247 248 167 131 247 254
250 215 255 255 255 255 243 222 137 211 255  40 167  30  56 236
241 146 255 255 255 255 199 104 193 151 151  40 203 129 226 255
255 212 104 203 255 255 232 193 193  33 147 144 156 200 117 241
236  96 199 105  56 255 211 137 255 211  60  78 150 162  72 231
231  72 255  88 208   8   6   3   8   8   0 248 252 251  72 231
251 226 255 255 255 216 208 127 104 168 215 255 255 255 226 251
231  47 167 225 255  90 167 203 104   0   0 255 225 167  47 231
231   0   0 167 255 120 135 129 129  30 131 255 167   0   0 231
231   0   0  47 226 186 215 117 226  56  69 226  47   0   0 231
253 231 231 231 251 255 250 241 255 236 231 251 231 231 231 253
253 231 231 231 251 255 250 241 241 250 232 255 255 255 255 255
231   0   0  47 226 186 215 146 104 199  77 194 255 255 203 248
231   0   0 167 255   8 255 206 126 132 251  21 135 135  38 231
231  47 167 225 255 170 255 219 219 187 252 167 110  89 167 247
251 226 255 255 255  47 208 127 127 208 255 255 167  21  40 235
255 186   8 170 255   8   8 108 250  60 247 248 167 131 247 254
250 215 255 255 255 255 243 222 137 211 255  40 167  30  56 236
241 146 255 255 255 255 199 104 193 151 151  40 203 129 226 255
255 212 104 203 255 255 232 193 193  33 147 144 156 200 117 241
236  96 199 105  56 255 211 137 255 211  60  78 150 162  72 231
231  72 255  88 208   8   6   3   8   8   0 248 252 251  72 231
251 226 255 255 255 216 208 127 104 168 215 255 255 255 226 251
231  47 167 225 255  90 167 203 104   0   0 255 225 167  47 231
231   0   0 167 255 120 135 129 129  30 131 255 167   0   0 231
231   0   0  47 226 186 215 117 226  56  69 226  47   0   0 231
253 231 231 231 251 255 250 241 255 236 231 251 231 231 231 253

254 245 240 249 239 253 233 242 238 231 234 247 232 233 231 253
247 171 149 198 123 242  78 147 145 110 132 202  89  87  73 243
241 147 160 125 115 179  44 120 162 117 194 224 119  73  86 244
246 173 112 145 190 135 141 161  83 110 181 216 120 127  85 243
245 139  83 190 209 178  42  41  78 106 182 213 215 214 205 251
227  71 191 168 186 225 151 180 169  54  50 191  72 118 112 244
242 148 140 178 158  81 127  82  79 109 103 186  98 116 101 244
242 146 144 190 178 200 117 112 138 192  84 138  99 105 179 251
237 139 168 167 164  91 131  99 135 177  57 121 163 142 174 250
248 206 204 186 160 113 184 155 212 167  22 201 175 160 171 249
253 191 104 203  58  48 188 167 206 177  38 202 152 178 199 253
248 201 209 208 222 217 146 175 198  80 186 223 213 224 200 251
232  89 119 120 206 174 147 199 182 152 109 209 119 120  85 243
233  87  73 127 222 120 119 201 156 160 127 208 120  75  87 244
231  73  86  85 208 195 168 203 203  93  72 201  85  87  72 243
253 243 244 243 251 252 250 251 252 243 242 251 243 244 243 254
254 245 240 249 239 253 233 242 238 231 234 247 232 233 231 253
247 171 149 198 123 242  78 147 145 110 132 202  89  87  73 243
241 147 160 125 115 179  44 120 162 117 194 224 119  73  86 244
246 173 112 145 190 135 141 161  83 110 181 216 120 127  85 243
245 139  83 190 209 178  42  41  78 106 182 213 215 214 205 251
227  71 191 168 186 225 151 180 169  54  50 191  72 118 112 244
242 148 140 178 158  81 127  82  79 109 103 186  98 116 101 244
242 146 144 190 178 200 117 112 138 192  84 138  99 105 179 251
237 139 168 167 164  91 131  99 135 177  57 121 163 142 174 250
248 206 204 186 160 113 184 155 212 167  22 201 175 160 171 249
253 191 104 203  58  48 188 167 206 177  38 202 152 178 199 253
248 201 209 208 222 217 146 175 198  80 186 223 213 224 200 251
232  89 119 120 206 174 147 199 182 152 109 209 119 120  85 243
233  87  73 127 222 120 119 201 156 160 127 208 120  75  87 244
231  73  86  85 208 195 168 203 203  93  72 201  85  87  72 243
253 243 244 243 251 252 250 251 252 243 242 251 243 244 243 254
254 245 240 249 239 253 233 242 238 231 234 247 232 233 231 253
247 171 149 198 123 242  78 147 145 110 132 202  89  87  73 243
241 147 160 125 115 179  44 120 162 117 194 224 119  73  86 244
246 173 112 145 190 135 141 161  83 110 181 216 120 127  85 243
245 139  83 190 209 178  42  41  78 106 182 213 215 214 205 251
227  71 191 168 186 225 151 180 169  54  50 191  72 118 112 244
242 148 140 178 158  81 127  82  79 109 103 186  98 116 101 244
242 146 144 190 178 200 117 112 138 192  84 138  99 105 179 251
237 139 168 167 164  91 131  99 135 177  57 121 163 142 174 250
248 206 204 186 160 113 184 155 212 167  22 201 175 160 171 249
253 191 104 203  58  48 188 167 206 177  38 202 152 178 199 253
248 201 209 208 222 217 146 175 198  80 186 223 213 224 200 251
232  89 119 120 206 174 147 199 182 152 109 209 119 120  85 243
233  87  73 127 222 120 119 201 156 160 127 208 120  75  87 244
231  73  86  85 208 195 168 203 203  93  72 201  85  87  72 243
253 243 244 243 251 252 250 251 252 243 242 251 243 244 243 254

253 237 239 238 250 239 239 250 248 246 252 250 238 239 237 253
237  74  87  88 201 117 100 175 175 172 196 206  88  87  74 237
239  87  73 124 213 113 117 103 140 157 181 227 124  73  87 239
238  88 124 120 212  74 101  95 167 178 149 216 120 124  88 238
250 206 227 221 213 195 194 138 122 197 207 225 212 211 206 250
239 127 193 179 180  48 104  88  63  27  41 185 109 129  74 236
238 107 125 105 108  60 106 190 179 170 178  84 152 161  98 239
243 144 163  89  76 171  76 134 135 207 207 198 185 158 203 252
246 147 119 161  47 187  84 113 102 152 166 173 201 200 202 249
239  77  44 134  48 149 129 115 133 184 191 145 147 115 166 248
254 249 188 135 182 235  75 204  95 107  46 221 178 122 194 252
243 127 116 186 211 185 160 177 168 160  68 223 203 220 205 250
251 199 130 140 186 171 175 191 166 186 200 212 120 124  88 238
244 147 160 116  82 191 140 143 169 205 106 211 124  73  87 239
248 175 148 173 145  65 150 146 139 202 197 206  88  87  74 237
255 249 245 249 248 234 246 246 242 249 254 250 238 239 237 253
253 237 239 238 250 239 239 250 248 246 252 250 238 239 237 253
237  74  87  88 201 117 100 175 175 172 196 206  88  87  74 237
239  87  73 124 213 113 117 103 140 157 181 227 124  73  87 239
238  88 124 120 212  74 101  95 167 178 149 216 120 124  88 238
250 206 227 221 213 195 194 138 122 197 207 225 212 211 206 250
239 127 193 179 180  48 104  88  63  27  41 185 109 129  74 236
238 107 125 105 108  60 106 190 179 170 178  84 152 161  98 239
243 144 163  89  76 171  76 134 135 207 207 198 185 158 203 252
246 147 119 161  47 187  84 113 102 152 166 173 201 200 202 249
239  77  44 134  48 149 129 115 133 184 191 145 147 115 166 248
254 249 188 135 182 235  75 204  95 107  46 221 178 122 194 252
243 127 116 186 211 185 160 177 168 160  68 223 203 220 205 250
251 199 130 140 186 171 175 191 166 186 200 212 120 124  88 238
244 147 160 116  82 191 140 143 169 205 106 211 124  73  87 239
248 175 148 173 145  65 150 146 139 202 197 206  88  87  74 237
255 249 245 249 248 234 246 246 242 249 254 250 238 239 237 253
253 237 239 238 250 239 239 250 248 246 252 250 238 239 237 253
237  74  87  88 201 117 100 175 175 172 196 206  88  87  74 237
239  87  73 124 213 113 117 103 140 157 181 227 124  73  87 239
238  88 124 120 212  74 101  95 167 178 149 216 120 124  88 238
250 206 227 221 213 195 194 138 122 197 207 225 212 211 206 250
239 127 193 179 180  48 104  88  63  27  41 185 109 129  74 236
238 107 125 105 108  60 106 190 179 170 178  84 152 161  98 239
243 144 163  89  76 171  76 134 135 207 207 198 185 158 203 252
246 147 119 161  47 187  84 113 102 152 166 173 201 200 202 249
239  77  44 134  48 149 129 115 133 184 191 145 147 115 166 248
254 249 188 135 182 235  75 204  95 107  46 221 178 122 194 252
243 127 116 186 211 185 160 177 168 160  68 223 203 220 205 250
251 199 130 140 186 171 175 191 166 186 200 212 120 124  88 238
244 147 160 116  82 191 140 143 169 205 106 211 124  73  87 239
248 175 148 173 145  65 150 146 139 202 197 206  88  87  74 237
255 249 245 249 248 234 246 246 242 249 254 250 238 239 237 253
