253 231 231 231 251 254 236 255 255 236 231 251 231 231 231 253
231   0   0  47 226 180 112 255 212  96  72 226  47   0   0 231
231   0   0 167 255 124 229 184 175 132 135 255 167   0   0 231
231  47 167 225 255 250  68  36  88 150   5 255 225 167  47 231
251 226 255 255 255 247   0   0 128  78 210 255 255 255 226 251
255 255 139   8 210   8  56 155 150 253  16 255 170 139  72 231
250 215 255 218  31 249  99 255 104 156 253 199 218 225  96 236
231  72 206 120 104 155 255 255 104  81 150  16 156 175 138 245
231  29  55  68 104   8 255 255 193 232 155 144 104 184  72 231
250 199 106 131  31   2  99 174  56  56 249 246 199 229  72 231
255 186 120  90 210 239   2 105 247  54 247 216   8   8   2 231
251 226 255 255 255  40  78 231 231  78 210 255 167 135  72 231
231  47 167 225 255 170 218 120 120 150  90 167 110  89  47 231
231   0   0 167 255 139 255 151  71 132 120 135 135 135  38 231
231   0   0  47 226  72  72  43 109 239 186 226 135 255 203 248
253 231 231 231 251 231 231 231 245 255 255 251 239 255 255 255
253 231 231 231 251 254 236 255 255 236 231 251 231 231 231 253
231   0   0  47 226 180 112 255 212  96  72 226  47   0   0 231
231   0   0 167 255 124 229 184 175 132 135 255 167   0   0 231
231  47 167 225 255 250  68  36  88 150   5 255 225 167  47 231
251 226 255 255 255 247   0   0 128  78 210 255 255 255 226 251
255 255 139   8 210   8  56 155 150 253  16 255 170 139  72 231
250 215 255 218  31 249  99 255 104 156 253 199 218 225  96 236
231  72 206 120 104 155 255 255 104  81 150  16 156 175 138 245
231  29  55  68 104   8 255 255 193 232 155 144 104 184  72 231
250 199 106 131  31   2  99 174  56  56 249 246 199 229  72 231
255 186 120  90 210 239   2 105 247  54 247 216   8   8   2 231
251 226 255 255 255  40  78 231 231  78 210 255 167 135  72 231
231  47 167 225 255 170 218 120 120 150  90 167 110  89  47 231
231   0   0 167 255 139 255 151  71 132 120 135 135 135  38 231
231   0   0  47 226  72  72  43 109 239 186 226 135 255 203 248
253 231 231 231 251 231 231 231 245 255 255 251 239 255 255 255
253 231 231 231 251 254 236 255 255 236 231 251 231 231 231 253
231   0   0  47 226 180 112 255 212  96  72 226  47   0   0 231
231   0   0 167 255 124 229 184 175 132 135 255 167   0   0 231
231  47 167 225 255 250  68  36  88 150   5 255 225 167  47 231
251 226 255 255 255 247   0   0 128  78 210 255 255 255 226 251
255 255 139   8 210   8  56 155 150 253  16 255 170 139  72 231
250 215 255 218  31 249  99 255 104 156 253 199 218 225  96 236
231  72 206 120 104 155 255 255 104  81 150  16 156 175 138 245
231  29  55  68 104   8 255 255 193 232 155 144 104 184  72 231
250 199 106 131  31   2  99 174  56  56 249 246 199 229  72 231
255 186 120  90 210 239   2 105 247  54 247 216   8   8   2 231
251 226 255 255 255  40  78 231 231  78 210 255 167 135  72 231
231  47 167 225 255 170 218 120 120 150  90 167 110  89  47 231
231   0   0 167 255 139 255 151  71 132 120 135 135 135  38 231
231   0   0  47 226  72  72  43 109 239 186 226 135 255 203 248
253 231 231 231 251 231 231 231 245 255 255 251 239 255 255 255

253 231 231 231 251 231 236 245 231 231 231 231 231 231 248 255
231   0   0  47 226  72  96 138  72  72   2  72  47  38 203 255
231   0   0 167 255 139 225 175 184 229   8 135  89 135 255 255
231  47 167 225 255 170 218 156 104 199   8 167 110 135 135 239
251 226 255 255 255 255 199  16 144 246 216 255 167 135 226 251
231  72 135   5 210  16 253 150 155 249 247 210  90 120 186 255
236  96 132 150  78 253 156  81 232  56  54  78 150 132 239 255
255 212 175  88 128 150 104 104 193  56 247 231 120  71 109 245
255 255 184  36   0 155 255 255 255 174 105 231 120 151  43 231
236 112 229  68   0  56  99 255 255  99   2  78 218 255  72 231
254 180 124 250 247   8 249 155   8   2 239  40 170 139  72 231
251 226 255 255 255 210  31 104 104  31 210 255 255 255 226 251
231  47 167 225 255   8 218 120  68 131  90 255 225 167  47 231
231   0   0 167 255 139 255 206  55 106 120 255 167   0   0 231
231   0   0  47 226 255 215  72  29 199 186 226  47   0   0 231
253 231 231 231 251 255 250 231 231 250 255 251 231 231 231 253
253 231 231 231 251 231 236 245 231 231 231 231 231 231 248 255
231   0   0  47 226  72  96 138  72  72   2  72  47  38 203 255
231   0   0 167 255 139 225 175 184 229   8 135  89 135 255 255
231  47 167 225 255 170 218 156 104 199   8 167 110 135 135 239
251 226 255 255 255 255 199  16 144 246 216 255 167 135 226 251
231  72 135   5 210  16 253 150 155 249 247 210  90 120 186 255
236  96 132 150  78 253 156  81 232  56  54  78 150 132 239 255
255 212 175  88 128 150 104 104 193  56 247 231 120  71 109 245
255 255 184  36   0 155 255 255 255 174 105 231 120 151  43 231
236 112 229  68   0  56  99 255 255  99   2  78 218 255  72 231
254 180 124 250 247   8 249 155   8   2 239  40 170 139  72 231
251 226 255 255 255 210  31 104 104  31 210 255 255 255 226 251
231  47 167 225 255   8 218 120  68 131  90 255 225 167  47 231
231   0   0 167 255 139 255 206  55 106 120 255 167   0   0 231
231   0   0  47 226 255 215  72  29 199 186 226  47   0   0 231
253 231 231 231 251 255 250 231 231 250 255 251 231 231 231 253
253 231 231 231 251 231 236 245 231 231 231 231 231 231 248 255
231   0   0  47 226  72  96 138  72  72   2  72  47  38 203 255
231   0   0 167 255 139 225 175 184 229   8 135  89 135 255 255
231  47 167 225 255 170 218 156 104 199   8 167 110 135 135 239
251 226 255 255 255 255 199  16 144 246 216 255 167 135 226 251
231  72 135   5 210  16 253 150 155 249 247 210  90 120 186 255
236  96 132 150  78 253 156  81 232  56  54  78 150 132 239 255
255 212 175  88 128 150 104 104 193  56 247 231 120  71 109 245
255 255 184  36   0 155 255 255 255 174 105 231 120 151  43 231
236 112 229  68   0  56  99 255 255  99   2  78 218 255  72 231
254 180 124 250 247   8 249 155   8   2 239  40 170 139  72 231
251 226 255 255 255 210  31 104 104  31 210 255 255 255 226 251
231  47 167 225 255   8 218 120  68 131  90 255 225 167  47 231
231   0   0 167 255 139 255 206  55 106 120 255 167   0   0 231
231   0   0  47 226 255 215  72  29 199 186 226  47   0   0 231
253 231 231 231 251 255 250 231 231 250 255 251 231 231 231 253

254 247 250 244 244 249 251 245 232 230 227 247 232 233 231 253
244 179 211 190 179 182 215 158  91  89  67 197  89  87  73 243
233 110 142 167 156 151 132 108 133 156  86 211 119  73  86 244
231  99 138 169 190  70 181 167 146 204 152 199 120 127  85 243
236 144 170 190 209 146 105 207 149 124  40 224 215 211 210 252
231  63  74  38 151 171 149 214 156  43 209 213 148 146 201 253
236 141 188 167 156 243 162 102 165 146 112  75 177 185 192 250
231 112 173 162 129 167 192 191 182 208  81 136 114  88 128 247
237 116 161 139 109 124  72 116 183 166 115  82 114 137  93 244
241 151 153 170 209 210 124 113 158  96 151  57 172 139 182 251
226  73 156 161 208  49 223 188 183 141   9 167  48  87 161 249
246 196 215 208 222 176 127 108  97  53 200 208 200 210 196 251
232  89 119 120 205  87 150 131 111  82 201 209 119 120  85 243
233  87  73 127 220 184 140 129 121 144 106 215 120  75  87 244
231  73  86  85 214 143 178 200 185 141 179 194  85  87  72 243
253 243 244 243 252 245 250 253 251 247 252 250 243 244 243 254
254 247 250 244 244 249 251 245 232 230 227 247 232 233 231 253
244 179 211 190 179 182 215 158  91  89  67 197  89  87  73 243
233 110 142 167 156 151 132 108 133 156  86 211 119  73  86 244
231  99 138 169 190  70 181 167 146 204 152 199 120 127  85 243
236 144 170 190 209 146 105 207 149 124  40 224 215 211 210 252
231  63  74  38 151 171 149 214 156  43 209 213 148 146 201 253
236 141 188 167 156 243 162 102 165 146 112  75 177 185 192 250
231 112 173 162 129 167 192 191 182 208  81 136 114  88 128 247
237 116 161 139 109 124  72 116 183 166 115  82 114 137  93 244
241 151 153 170 209 210 124 113 158  96 151  57 172 139 182 251
226  73 156 161 208  49 223 188 183 141   9 167  48  87 161 249
246 196 215 208 222 176 127 108  97  53 200 208 200 210 196 251
232  89 119 120 205  87 150 131 111  82 201 209 119 120  85 243
233  87  73 127 220 184 140 129 121 144 106 215 120  75  87 244
231  73  86  85 214 143 178 200 185 141 179 194  85  87  72 243
253 243 244 243 252 245 250 253 251 247 252 250 243 244 243 254
254 247 250 244 244 249 251 245 232 230 227 247 232 233 231 253
244 179 211 190 179 182 215 158  91  89  67 197  89  87  73 243
233 110 142 167 156 151 132 108 133 156  86 211 119  73  86 244
231  99 138 169 190  70 181 167 146 204 152 199 120 127  85 243
236 144 170 190 209 146 105 207 149 124  40 224 215 211 210 252
231  63  74  38 151 171 149 214 156  43 209 213 148 146 201 253
236 141 188 167 156 243 162 102 165 146 112  75 177 185 192 250
231 112 173 162 129 167 192 191 182 208  81 136 114  88 128 247
237 116 161 139 109 124  72 116 183 166 115  82 114 137  93 244
241 151 153 170 209 210 124 113 158  96 151  57 172 139 182 251
226  73 156 161 208  49 223 188 183 141   9 167  48  87 161 249
246 196 215 208 222 176 127 108  97  53 200 208 200 210 196 251
232  89 119 120 205  87 150 131 111  82 201 209 119 120  85 243
233  87  73 127 220 184 140 129 121 144 106 215 120  75  87 244
231  73  86  85 214 143 178 200 185 141 179 194  85  87  72 243
253 243 244 243 252 245 250 253 251 247 252 250 243 244 243 254

253 237 239 238 250 254 249 244 239 249 247 250 238 239 237 253
237  74  87  88 206 197 195 129  95 177 162 201  88  87  74 237
239  87  73 124 211 149 187  86 136 141  86 213 124  73  87 239
238  88 124 120 212 143 182 116 115 171  54 203 120 124  88 238
250 201 213 203 224 223  70 135  87  52 168 209 212 217 199 249
234  65  91 149  49 207 113  88 113 149  17 194 201 110 174 251
237  86 156 200 128  43 146 208 169 101 142  55  81 141 144 244
238  91 131 148 152 161 162 183 183 158 181  96 113 123 183 250
248 163 111 163 208 218  98 192 116 112 189 109 130 128 197 253
253 218 136 177 106 148 162 196  75 122 220 125 156 138 178 247
251 184 149  72 144 170 247 171 125 211  50 183  84 181 147 241
247 178 161 187 211 146 157 133 109 205 208 223 202 218 211 250
248 190 169 164 187  37 169 160 144 168 161 212 120 124  88 238
252 212 147 138 174  68 191 176 160 154 158 217 124  73  87 239
249 180 110  95 140  61 140 108 115 150  71 199  88  87  74 237
254 247 239 237 241 237 242 238 242 245 234 249 238 239 237 253
253 237 239 238 250 254 249 244 239 249 247 250 238 239 237 253
237  74  87  88 206 197 195 129  95 177 162 201  88  87  74 237
239  87  73 124 211 149 187  86 136 141  86 213 124  73  87 239
238  88 124 120 212 143 182 116 115 171  54 203 120 124  88 238
250 201 213 203 224 223  70 135  87  52 168 209 212 217 199 249
234  65  91 149  49 207 113  88 113 149  17 194 201 110 174 251
237  86 156 200 128  43 146 208 169 101 142  55  81 141 144 244
238  91 131 148 152 161 162 183 183 158 181  96 113 123 183 250
248 163 111 163 208 218  98 192 116 112 189 109 130 128 197 253
253 218 136 177 106 148 162 196  75 122 220 125 156 138 178 247
251 184 149  72 144 170 247 171 125 211  50 183  84 181 147 241
247 178 161 187 211 146 157 133 109 205 208 223 202 218 211 250
248 190 169 164 187  37 169 160 144 168 161 212 120 124  88 238
252 212 147 138 174  68 191 176 160 154 158 217 124  73  87 239
249 180 110  95 140  61 140 108 115 150  71 199  88  87  74 237
254 247 239 237 241 237 242 238 242 245 234 249 238 239 237 253
253 237 239 238 250 254 249 244 239 249 247 250 238 239 237 253
237  74  87  88 206 197 195 129  95 177 162 201  88  87  74 237
239  87  73 124 211 149 187  86 136 141  86 213 124  73  87 239
238  88 124 120 212 143 182 116 115 171  54 203 120 124  88 238
250 201 213 203 224 223  70 135  87  52 168 209 212 217 199 249
234  65  91 149  49 207 113  88 113 149  17 194 201 110 174 251
237  86 156 200 128  43 146 208 169 101 142  55  81 141 144 244
238  91 131 148 152 161 162 183 183 158 181  96 113 123 183 250
248 163 111 163 208 218  98 192 116 112 189 109 130 128 197 253
253 218 136 177 106 148 162 196  75 122 220 125 156 138 178 247
251 184 149  72 144 170 247 171 125 211  50 183  84 181 147 241
247 178 161 187 211 146 157 133 109 205 208 223 202 218 211 250
248 190 169 164 187  37 169 160 144 168 161 212 120 124  88 238
252 212 147 138 174  68 191 176 160 154 158 217 124  73  87 239
249 180 110  95 140  61 140 108 115 150  71 199  88  87  74 237
254 247 239 237 241 237 242 238 242 245 234 249 238 239 237 253
